{
 "cells": [
  {
   "cell_type": "code",
   "execution_count": 1,
   "id": "4b2972d2",
   "metadata": {},
   "outputs": [],
   "source": [
    "import numpy as np\n",
    "import pandas as pd\n",
    "import os\n",
    "from sklearn.model_selection import train_test_split\n",
    "from sklearn.linear_model import Ridge\n",
    "from sklearn.metrics import mean_squared_error, r2_score\n",
    "from sklearn.preprocessing import StandardScaler\n",
    "from sklearn.model_selection import GridSearchCV"
   ]
  },
  {
   "cell_type": "code",
   "execution_count": 2,
   "id": "b6cf6ee4",
   "metadata": {},
   "outputs": [],
   "source": [
    "##########################################################################\n",
    "# Important Note: This notebook only uses one csv file to test the model #\n",
    "##########################################################################"
   ]
  },
  {
   "cell_type": "code",
   "execution_count": 32,
   "id": "0375c94e",
   "metadata": {},
   "outputs": [],
   "source": [
    "# assign processed data to data_files\n",
    "cwd = os.getcwd()\n",
    "data_dir = os.path.join(cwd, \"data/\")\n",
    "data_files = [f for f in os.listdir(str(data_dir)) if f.endswith('csv')]\n",
    "\n",
    "data_train_name = [f for f in data_files if 'TRAIN' in f]\n",
    "data_test_name = [f for f in data_files if 'TEST' in f]\n",
    "\n",
    "data_train = pd.read_csv(os.path.join(data_dir,data_train_name[0]))\n",
    "data_test = pd.read_csv(os.path.join(data_dir,data_test_name[0]))\n"
   ]
  },
  {
   "cell_type": "code",
   "execution_count": 33,
   "id": "8643d508",
   "metadata": {},
   "outputs": [],
   "source": [
    "\n",
    "# Drop columns needed for classification group\n",
    "boolean_col = ['highavse','lowavse','truedcr','lq']\n",
    "data_train_filtered = data_train.drop(columns=boolean_col+['id'])\n",
    "data_test_filtered = data_test.drop(columns=boolean_col+['id'])\n",
    "\n",
    "# Find and Drop rows with missing values\n",
    "data_train_filtered = data_train_filtered.dropna()\n",
    "data_test_filtered = data_test_filtered.dropna()\n",
    "\n",
    "# Drop irrelevant features and feature with perfect multicollinearity \n",
    "data_train_filtered = data_train_filtered.drop(columns=['tdrift50','tdrift10'])\n",
    "data_test_filtered = data_test_filtered.drop(columns=['tdrift50','tdrift10'])\n",
    "\n"
   ]
  },
  {
   "cell_type": "code",
   "execution_count": 34,
   "id": "5a6081e8",
   "metadata": {},
   "outputs": [
    {
     "name": "stdout",
     "output_type": "stream",
     "text": [
      "lambda: 1e-05\n"
     ]
    }
   ],
   "source": [
    "# Train test split\n",
    "X_train = data_train_filtered.drop(columns=['energylabel'])\n",
    "X_test = data_test_filtered.drop(columns=['energylabel'])\n",
    "y_train = data_train_filtered['energylabel']\n",
    "y_test = data_test_filtered['energylabel']\n",
    "\n",
    "# standardization\n",
    "scaler = StandardScaler()\n",
    "X_train_standardized = scaler.fit_transform(X_train)\n",
    "X_test_standardized = scaler.transform(X_test)\n",
    "\n",
    "# GridCV to find best lambda\n",
    "alpha_range = np.logspace(-5, 2.5, 100)\n",
    "param_grid = {\"alpha\": alpha_range}\n",
    "ridge = Ridge()\n",
    "grid_search = GridSearchCV(estimator=ridge, param_grid={\"alpha\": alpha_range}, cv=5, scoring='neg_mean_squared_error')\n",
    "\n",
    "# Fit the model\n",
    "grid_search.fit(X_train_standardized, y_train)\n",
    "\n",
    "best_alpha = grid_search.best_params_['alpha']\n",
    "print(f\"lambda: {best_alpha}\")\n",
    "\n",
    "# Train the Ridge Regression model with the best alpha\n",
    "ridge_reg = Ridge(alpha=best_alpha)\n",
    "ridge_reg.fit(X_train_standardized,y_train)\n",
    "y_pred = ridge_reg.predict(X_test_standardized)\n",
    "\n",
    "# Evaluate the model\n",
    "mse = mean_squared_error(y_test, y_pred)\n",
    "r2= r2_score(y_test, y_pred)"
   ]
  },
  {
   "cell_type": "code",
   "execution_count": 35,
   "id": "f3e25094",
   "metadata": {
    "scrolled": true
   },
   "outputs": [
    {
     "data": {
      "text/plain": [
       "(4706.421982582751, 0.9894859088286423)"
      ]
     },
     "execution_count": 35,
     "metadata": {},
     "output_type": "execute_result"
    }
   ],
   "source": [
    "mse,r2"
   ]
  },
  {
   "cell_type": "code",
   "execution_count": 36,
   "id": "62d0c158",
   "metadata": {},
   "outputs": [
    {
     "data": {
      "text/plain": [
       "16.143720399693166"
      ]
     },
     "execution_count": 36,
     "metadata": {},
     "output_type": "execute_result"
    }
   ],
   "source": [
    "np.mean(abs(y_pred - y_test))"
   ]
  },
  {
   "cell_type": "code",
   "execution_count": 16,
   "id": "aacf474c",
   "metadata": {},
   "outputs": [
    {
     "data": {
      "text/html": [
       "<div>\n",
       "<style scoped>\n",
       "    .dataframe tbody tr th:only-of-type {\n",
       "        vertical-align: middle;\n",
       "    }\n",
       "\n",
       "    .dataframe tbody tr th {\n",
       "        vertical-align: top;\n",
       "    }\n",
       "\n",
       "    .dataframe thead th {\n",
       "        text-align: right;\n",
       "    }\n",
       "</style>\n",
       "<table border=\"1\" class=\"dataframe\">\n",
       "  <thead>\n",
       "    <tr style=\"text-align: right;\">\n",
       "      <th></th>\n",
       "      <th>tdrift</th>\n",
       "      <th>rea</th>\n",
       "      <th>dcr</th>\n",
       "      <th>peakindex</th>\n",
       "      <th>peakvalue</th>\n",
       "      <th>tailslope</th>\n",
       "      <th>currentamp</th>\n",
       "      <th>lfpr</th>\n",
       "      <th>lq80</th>\n",
       "      <th>areagrowthrate</th>\n",
       "      <th>inflection point</th>\n",
       "      <th>risingedgeslope</th>\n",
       "      <th>energylabel</th>\n",
       "    </tr>\n",
       "  </thead>\n",
       "  <tbody>\n",
       "    <tr>\n",
       "      <th>tdrift</th>\n",
       "      <td>1.000000</td>\n",
       "      <td>-0.353646</td>\n",
       "      <td>-0.119906</td>\n",
       "      <td>0.966816</td>\n",
       "      <td>-0.104132</td>\n",
       "      <td>0.112163</td>\n",
       "      <td>-0.129910</td>\n",
       "      <td>-0.287289</td>\n",
       "      <td>0.200410</td>\n",
       "      <td>0.119038</td>\n",
       "      <td>0.131842</td>\n",
       "      <td>-0.207463</td>\n",
       "      <td>-0.104336</td>\n",
       "    </tr>\n",
       "    <tr>\n",
       "      <th>rea</th>\n",
       "      <td>-0.353646</td>\n",
       "      <td>1.000000</td>\n",
       "      <td>0.028737</td>\n",
       "      <td>-0.431403</td>\n",
       "      <td>0.029845</td>\n",
       "      <td>-0.025223</td>\n",
       "      <td>0.245087</td>\n",
       "      <td>0.649042</td>\n",
       "      <td>-0.261714</td>\n",
       "      <td>-0.038562</td>\n",
       "      <td>-0.289455</td>\n",
       "      <td>-0.069715</td>\n",
       "      <td>0.028187</td>\n",
       "    </tr>\n",
       "    <tr>\n",
       "      <th>dcr</th>\n",
       "      <td>-0.119906</td>\n",
       "      <td>0.028737</td>\n",
       "      <td>1.000000</td>\n",
       "      <td>0.027008</td>\n",
       "      <td>0.997981</td>\n",
       "      <td>-0.996803</td>\n",
       "      <td>0.213819</td>\n",
       "      <td>0.089385</td>\n",
       "      <td>0.684834</td>\n",
       "      <td>-0.998767</td>\n",
       "      <td>-0.040027</td>\n",
       "      <td>0.917027</td>\n",
       "      <td>0.992463</td>\n",
       "    </tr>\n",
       "    <tr>\n",
       "      <th>peakindex</th>\n",
       "      <td>0.966816</td>\n",
       "      <td>-0.431403</td>\n",
       "      <td>0.027008</td>\n",
       "      <td>1.000000</td>\n",
       "      <td>0.042621</td>\n",
       "      <td>-0.033552</td>\n",
       "      <td>-0.106819</td>\n",
       "      <td>-0.278013</td>\n",
       "      <td>0.317134</td>\n",
       "      <td>-0.027973</td>\n",
       "      <td>0.147367</td>\n",
       "      <td>-0.058978</td>\n",
       "      <td>0.042785</td>\n",
       "    </tr>\n",
       "    <tr>\n",
       "      <th>peakvalue</th>\n",
       "      <td>-0.104132</td>\n",
       "      <td>0.029845</td>\n",
       "      <td>0.997981</td>\n",
       "      <td>0.042621</td>\n",
       "      <td>1.000000</td>\n",
       "      <td>-0.996964</td>\n",
       "      <td>0.198594</td>\n",
       "      <td>0.091994</td>\n",
       "      <td>0.711452</td>\n",
       "      <td>-0.999103</td>\n",
       "      <td>-0.045428</td>\n",
       "      <td>0.905183</td>\n",
       "      <td>0.994342</td>\n",
       "    </tr>\n",
       "    <tr>\n",
       "      <th>tailslope</th>\n",
       "      <td>0.112163</td>\n",
       "      <td>-0.025223</td>\n",
       "      <td>-0.996803</td>\n",
       "      <td>-0.033552</td>\n",
       "      <td>-0.996964</td>\n",
       "      <td>1.000000</td>\n",
       "      <td>-0.201432</td>\n",
       "      <td>-0.087800</td>\n",
       "      <td>-0.704431</td>\n",
       "      <td>0.996307</td>\n",
       "      <td>0.038370</td>\n",
       "      <td>-0.902061</td>\n",
       "      <td>-0.991746</td>\n",
       "    </tr>\n",
       "    <tr>\n",
       "      <th>currentamp</th>\n",
       "      <td>-0.129910</td>\n",
       "      <td>0.245087</td>\n",
       "      <td>0.213819</td>\n",
       "      <td>-0.106819</td>\n",
       "      <td>0.198594</td>\n",
       "      <td>-0.201432</td>\n",
       "      <td>1.000000</td>\n",
       "      <td>0.093334</td>\n",
       "      <td>-0.110651</td>\n",
       "      <td>-0.214353</td>\n",
       "      <td>-0.026070</td>\n",
       "      <td>0.244163</td>\n",
       "      <td>0.202547</td>\n",
       "    </tr>\n",
       "    <tr>\n",
       "      <th>lfpr</th>\n",
       "      <td>-0.287289</td>\n",
       "      <td>0.649042</td>\n",
       "      <td>0.089385</td>\n",
       "      <td>-0.278013</td>\n",
       "      <td>0.091994</td>\n",
       "      <td>-0.087800</td>\n",
       "      <td>0.093334</td>\n",
       "      <td>1.000000</td>\n",
       "      <td>-0.078781</td>\n",
       "      <td>-0.094215</td>\n",
       "      <td>-0.240215</td>\n",
       "      <td>0.024977</td>\n",
       "      <td>0.092354</td>\n",
       "    </tr>\n",
       "    <tr>\n",
       "      <th>lq80</th>\n",
       "      <td>0.200410</td>\n",
       "      <td>-0.261714</td>\n",
       "      <td>0.684834</td>\n",
       "      <td>0.317134</td>\n",
       "      <td>0.711452</td>\n",
       "      <td>-0.704431</td>\n",
       "      <td>-0.110651</td>\n",
       "      <td>-0.078781</td>\n",
       "      <td>1.000000</td>\n",
       "      <td>-0.683208</td>\n",
       "      <td>0.038102</td>\n",
       "      <td>0.554716</td>\n",
       "      <td>0.696343</td>\n",
       "    </tr>\n",
       "    <tr>\n",
       "      <th>areagrowthrate</th>\n",
       "      <td>0.119038</td>\n",
       "      <td>-0.038562</td>\n",
       "      <td>-0.998767</td>\n",
       "      <td>-0.027973</td>\n",
       "      <td>-0.999103</td>\n",
       "      <td>0.996307</td>\n",
       "      <td>-0.214353</td>\n",
       "      <td>-0.094215</td>\n",
       "      <td>-0.683208</td>\n",
       "      <td>1.000000</td>\n",
       "      <td>0.046493</td>\n",
       "      <td>-0.913401</td>\n",
       "      <td>-0.994058</td>\n",
       "    </tr>\n",
       "    <tr>\n",
       "      <th>inflection point</th>\n",
       "      <td>0.131842</td>\n",
       "      <td>-0.289455</td>\n",
       "      <td>-0.040027</td>\n",
       "      <td>0.147367</td>\n",
       "      <td>-0.045428</td>\n",
       "      <td>0.038370</td>\n",
       "      <td>-0.026070</td>\n",
       "      <td>-0.240215</td>\n",
       "      <td>0.038102</td>\n",
       "      <td>0.046493</td>\n",
       "      <td>1.000000</td>\n",
       "      <td>-0.026385</td>\n",
       "      <td>-0.040300</td>\n",
       "    </tr>\n",
       "    <tr>\n",
       "      <th>risingedgeslope</th>\n",
       "      <td>-0.207463</td>\n",
       "      <td>-0.069715</td>\n",
       "      <td>0.917027</td>\n",
       "      <td>-0.058978</td>\n",
       "      <td>0.905183</td>\n",
       "      <td>-0.902061</td>\n",
       "      <td>0.244163</td>\n",
       "      <td>0.024977</td>\n",
       "      <td>0.554716</td>\n",
       "      <td>-0.913401</td>\n",
       "      <td>-0.026385</td>\n",
       "      <td>1.000000</td>\n",
       "      <td>0.899816</td>\n",
       "    </tr>\n",
       "    <tr>\n",
       "      <th>energylabel</th>\n",
       "      <td>-0.104336</td>\n",
       "      <td>0.028187</td>\n",
       "      <td>0.992463</td>\n",
       "      <td>0.042785</td>\n",
       "      <td>0.994342</td>\n",
       "      <td>-0.991746</td>\n",
       "      <td>0.202547</td>\n",
       "      <td>0.092354</td>\n",
       "      <td>0.696343</td>\n",
       "      <td>-0.994058</td>\n",
       "      <td>-0.040300</td>\n",
       "      <td>0.899816</td>\n",
       "      <td>1.000000</td>\n",
       "    </tr>\n",
       "  </tbody>\n",
       "</table>\n",
       "</div>"
      ],
      "text/plain": [
       "                    tdrift       rea       dcr  peakindex  peakvalue  \\\n",
       "tdrift            1.000000 -0.353646 -0.119906   0.966816  -0.104132   \n",
       "rea              -0.353646  1.000000  0.028737  -0.431403   0.029845   \n",
       "dcr              -0.119906  0.028737  1.000000   0.027008   0.997981   \n",
       "peakindex         0.966816 -0.431403  0.027008   1.000000   0.042621   \n",
       "peakvalue        -0.104132  0.029845  0.997981   0.042621   1.000000   \n",
       "tailslope         0.112163 -0.025223 -0.996803  -0.033552  -0.996964   \n",
       "currentamp       -0.129910  0.245087  0.213819  -0.106819   0.198594   \n",
       "lfpr             -0.287289  0.649042  0.089385  -0.278013   0.091994   \n",
       "lq80              0.200410 -0.261714  0.684834   0.317134   0.711452   \n",
       "areagrowthrate    0.119038 -0.038562 -0.998767  -0.027973  -0.999103   \n",
       "inflection point  0.131842 -0.289455 -0.040027   0.147367  -0.045428   \n",
       "risingedgeslope  -0.207463 -0.069715  0.917027  -0.058978   0.905183   \n",
       "energylabel      -0.104336  0.028187  0.992463   0.042785   0.994342   \n",
       "\n",
       "                  tailslope  currentamp      lfpr      lq80  areagrowthrate  \\\n",
       "tdrift             0.112163   -0.129910 -0.287289  0.200410        0.119038   \n",
       "rea               -0.025223    0.245087  0.649042 -0.261714       -0.038562   \n",
       "dcr               -0.996803    0.213819  0.089385  0.684834       -0.998767   \n",
       "peakindex         -0.033552   -0.106819 -0.278013  0.317134       -0.027973   \n",
       "peakvalue         -0.996964    0.198594  0.091994  0.711452       -0.999103   \n",
       "tailslope          1.000000   -0.201432 -0.087800 -0.704431        0.996307   \n",
       "currentamp        -0.201432    1.000000  0.093334 -0.110651       -0.214353   \n",
       "lfpr              -0.087800    0.093334  1.000000 -0.078781       -0.094215   \n",
       "lq80              -0.704431   -0.110651 -0.078781  1.000000       -0.683208   \n",
       "areagrowthrate     0.996307   -0.214353 -0.094215 -0.683208        1.000000   \n",
       "inflection point   0.038370   -0.026070 -0.240215  0.038102        0.046493   \n",
       "risingedgeslope   -0.902061    0.244163  0.024977  0.554716       -0.913401   \n",
       "energylabel       -0.991746    0.202547  0.092354  0.696343       -0.994058   \n",
       "\n",
       "                  inflection point  risingedgeslope  energylabel  \n",
       "tdrift                    0.131842        -0.207463    -0.104336  \n",
       "rea                      -0.289455        -0.069715     0.028187  \n",
       "dcr                      -0.040027         0.917027     0.992463  \n",
       "peakindex                 0.147367        -0.058978     0.042785  \n",
       "peakvalue                -0.045428         0.905183     0.994342  \n",
       "tailslope                 0.038370        -0.902061    -0.991746  \n",
       "currentamp               -0.026070         0.244163     0.202547  \n",
       "lfpr                     -0.240215         0.024977     0.092354  \n",
       "lq80                      0.038102         0.554716     0.696343  \n",
       "areagrowthrate            0.046493        -0.913401    -0.994058  \n",
       "inflection point          1.000000        -0.026385    -0.040300  \n",
       "risingedgeslope          -0.026385         1.000000     0.899816  \n",
       "energylabel              -0.040300         0.899816     1.000000  "
      ]
     },
     "execution_count": 16,
     "metadata": {},
     "output_type": "execute_result"
    }
   ],
   "source": [
    "data_filtered.corr()"
   ]
  },
  {
   "cell_type": "code",
   "execution_count": null,
   "id": "2aee6de1",
   "metadata": {},
   "outputs": [],
   "source": []
  }
 ],
 "metadata": {
  "kernelspec": {
   "display_name": "Python 3 (ipykernel)",
   "language": "python",
   "name": "python3"
  },
  "language_info": {
   "codemirror_mode": {
    "name": "ipython",
    "version": 3
   },
   "file_extension": ".py",
   "mimetype": "text/x-python",
   "name": "python",
   "nbconvert_exporter": "python",
   "pygments_lexer": "ipython3",
   "version": "3.9.2"
  }
 },
 "nbformat": 4,
 "nbformat_minor": 5
}
